55
1200 1500 839
1211 1500 836
1222 1500 845
1233 1500 858
1244 1500 882
1255 1500 945
1266 1500 951
1277 1500 948
1288 1500 1126
1300 1500 1123
1311 1500 1152
1322 1500 1151
1333 1500 1140
1344 1500 1131
1355 1500 1144
1366 1500 1153
1377 1500 1154
1388 1500 1157
1400 1500 1160
1411 1500 1181
1422 1500 1217
1433 1500 1259
1444 1500 1016
1455 1500 1016
1466 1500 889
1477 1500 853
1488 1500 835
1500 1500 780
1511 1500 764
1522 1500 764
1533 1500 769
1544 1500 782
1555 1500 817
1566 1500 800
1577 1500 785
1588 1500 789
1600 1500 817
1611 1500 948
1622 1500 942
1633 1500 937
1644 1500 944
1655 1500 923
1666 1500 917
1677 1500 921
1688 1500 3969
1700 1500 3987
1711 1500 4014
1722 1500 4036
1733 1500 4062
1744 1500 4084
1755 1500 4100
1766 1500 4111
1777 1500 4127
1788 1500 4120
1800 1500 4129
1811 1500 4077
1822 1500 4111
1833 1500 3502
1844 1500 3499
1855 1500 3499
1866 1500 3497
1877 1500 3635
1888 1500 3521
1900 1500 3645
1911 1500 2935
1922 1500 2952
1933 1500 3939
1944 1500 3944
1955 1500 3944
1966 1500 3949
1977 1500 3969
1988 1500 3982
2000 1500 3766
2011 1500 3755
2022 1500 4024
2033 1500 4039
2044 1500 4050
2055 1500 4038
2066 1500 4062
2077 1500 4060
2088 1500 4058
2100 1500 3994
2111 1500 4054
2122 1500 4054
2133 1500 4066
2144 1500 2659
2155 1500 4058
2166 1511 4066
2155 1511 4071
2144 1511 4075
2133 1511 4086
2122 1511 4122
2111 1511 4131
2100 1511 4141
2088 1511 3854
2077 1511 4148
2066 1511 4149
2055 1511 4149
2044 1511 4132
2033 1511 4111
2022 1511 4114
2011 1511 4110
2000 1511 1006
1988 1511 594
1977 1511 567
1966 1511 546
1955 1511 525
1944 1511 513
1933 1511 504
1922 1511 500
1911 1511 502
1900 1511 515
1888 1511 531
1877 1511 554
1866 1511 587
1855 1511 4324
1844 1511 4310
1833 1511 4292
1822 1511 4274
1811 1511 4268
1800 1511 4228
1788 1511 4201
1777 1511 4172
1766 1511 3878
1755 1511 4122
1744 1511 4085
1733 1511 4047
1722 1511 4039
1711 1511 4014
1700 1511 3977
1688 1511 3979
1677 1511 3979
1666 1511 2655
1655 1511 4017
1644 1511 4037
1633 1511 4039
1622 1511 3985
1611 1511 4099
1600 1511 4128
1588 1511 4134
1577 1511 4147
1566 1511 4144
1555 1511 4141
1544 1511 3738
1533 1511 4143
1522 1511 4116
1511 1511 4090
1500 1511 4067
1488 1511 4019
1477 1511 2945
1466 1511 3617
1455 1511 3522
1444 1511 3503
1433 1511 3505
1422 1511 3507
1411 1511 3954
1400 1511 3938
1388 1511 3944
1377 1511 3931
1366 1511 3926
1355 1511 3948
1344 1511 3964
1333 1511 3996
1322 1511 4035
1311 1511 4059
1300 1511 4064
1288 1511 4069
1277 1511 4087
1266 1511 4098
1255 1511 3735
1244 1511 3700
1233 1511 3692
1222 1511 3708
1211 1511 807
1200 1511 804
1188 1511 786
1177 1511 787
1166 1511 797
1155 1511 814
1144 1511 811
1133 1511 782
1122 1511 774
1111 1511 764
1100 1511 765
1088 1511 763
1077 1511 765
1066 1511 769
1055 1511 777
1044 1511 800
1033 1511 867
1022 1511 874
1011 1511 1011
1000 1511 1020
988 1511 1018
977 1511 1267
966 1511 1235
955 1511 1205
944 1511 1199
933 1511 1198
922 1511 1199
911 1511 1199
900 1511 1179
888 1511 1159
877 1511 1156
866 1511 1163
855 1511 1173
844 1511 1183
833 1522 1159
844 1522 1136
855 1522 1128
866 1522 1097
877 1522 929
888 1522 917
900 1522 907
911 1522 888
922 1522 873
933 1522 853
944 1522 842
955 1522 842
966 1522 864
977 1522 881
988 1522 899
1000 1522 916
1011 1522 919
1022 1522 912
1033 1522 904
1044 1522 895
1055 1522 845
1066 1522 814
1077 1522 822
1088 1522 878
1100 1522 926
1111 1522 931
1122 1522 929
1133 1522 929
1144 1522 925
1155 1522 915
1166 1522 906
1177 1522 889
1188 1522 870
1200 1522 851
1211 1522 841
1222 1522 854
1233 1522 876
1244 1522 899
1255 1522 909
1266 1522 922
1277 1522 934
1288 1522 1131
1300 1522 1127
1311 1522 1094
1322 1522 1075
1333 1522 1065
1344 1522 1060
1355 1522 1059
1366 1522 1078
1377 1522 1103
1388 1522 1130
1400 1522 1163
1411 1522 1341
1422 1522 2244
1433 1522 1010
1444 1522 1004
1455 1522 901
1466 1522 823
1477 1522 808
1488 1522 764
1500 1522 764
1511 1522 764
1522 1522 769
1533 1522 769
1544 1522 780
1555 1522 794
1566 1522 780
1577 1522 778
1588 1522 781
1600 1522 815
1611 1522 930
1622 1522 918
1633 1522 908
1644 1522 908
1655 1522 898
1666 1522 919
1677 1522 3625
1688 1522 3647
1700 1522 3660
1711 1522 3673
1722 1522 3688
1733 1522 3702
1744 1522 3719
1755 1522 3730
1766 1522 3732
1777 1522 3732
1788 1522 3735
1800 1522 3733
1811 1522 3732
1822 1522 3704
1833 1522 3530
1844 1522 3525
1855 1522 3528
1866 1522 3522
1877 1522 3524
1888 1522 3553
1900 1522 3610
1911 1522 2969
1922 1522 2969
1933 1522 3602
1944 1522 3608
1955 1522 3607
1966 1522 3602
1977 1522 3613
1988 1522 3618
2000 1522 3632
2011 1522 3637
2022 1522 3642
2033 1522 3651
2044 1522 3656
2055 1522 3671
2066 1522 3677
2077 1522 3683
2088 1522 3689
2100 1522 3696
2111 1522 3691
2122 1522 3691
2133 1522 3717
2144 1522 3707
2155 1522 3687
2166 1533 3720
2155 1533 3727
2144 1533 3743
2133 1533 3746
2122 1533 3757
2111 1533 3769
2100 1533 3760
2088 1533 3786
2077 1533 3778
2066 1533 3789
2055 1533 946
2044 1533 938
2033 1533 954
2022 1533 945
2011 1533 967
2000 1533 606
1988 1533 569
1977 1533 542
1966 1533 528
1955 1533 516
1944 1533 501
1933 1533 492
1922 1533 487
1911 1533 487
1900 1533 492
1888 1533 501
1877 1533 522
1866 1533 544
1855 1533 577
1844 1533 590
1833 1533 973
1822 1533 969
1811 1533 957
1800 1533 964
1788 1533 3850
1777 1533 3805
1766 1533 3781
1755 1533 3762
1744 1533 3729
1733 1533 3705
1722 1533 3665
1711 1533 3632
1700 1533 3617
1688 1533 3602
1677 1533 3591
1666 1533 3599
1655 1533 3609
1644 1533 3624
1633 1533 3648
1622 1533 3693
1611 1533 3715
1600 1533 3736
1588 1533 3750
1577 1533 3766
1566 1533 3769
1555 1533 3761
1544 1533 3764
1533 1533 3762
1522 1533 3753
1511 1533 3727
1500 1533 3704
1488 1533 3672
1477 1533 2962
1466 1533 3610
1455 1533 3542
1444 1533 3539
1433 1533 3531
1422 1533 3532
1411 1533 3613
1400 1533 3599
1388 1533 3597
1377 1533 3592
1366 1533 3568
1355 1533 3557
1344 1533 3571
1333 1533 3601
1322 1533 3623
1311 1533 3646
1300 1533 3700
1288 1533 907
1277 1533 910
1266 1533 918
1255 1533 929
1244 1533 934
1233 1533 932
1222 1533 828
1211 1533 810
1200 1533 780
1188 1533 779
1177 1533 779
1166 1533 781
1155 1533 800
1144 1533 807
1133 1533 779
1122 1533 767
1111 1533 763
1100 1533 766
1088 1533 762
1077 1533 761
1066 1533 762
1055 1533 762
1044 1533 832
1033 1533 823
1022 1533 883
1011 1533 989
1000 1533 1008
988 1533 1009
977 1533 2295
966 1533 2233
955 1533 1333
944 1533 1174
933 1533 1138
922 1533 1110
911 1533 1088
900 1533 1088
888 1533 1089
877 1533 1096
866 1533 1101
855 1533 1106
844 1533 1112
833 1544 1122
844 1544 1128
855 1544 1108
866 1544 936
877 1544 920
888 1544 906
900 1544 900
911 1544 885
922 1544 875
933 1544 855
944 1544 853
955 1544 845
966 1544 839
977 1544 829
988 1544 827
1000 1544 823
1011 1544 772
1022 1544 783
1033 1544 784
1044 1544 781
1055 1544 785
1066 1544 785
1077 1544 779
1088 1544 781
1100 1544 782
1111 1544 784
1122 1544 785
1133 1544 779
1144 1544 819
1155 1544 825
1166 1544 827
1177 1544 829
1188 1544 837
1200 1544 846
1211 1544 854
1222 1544 871
1233 1544 889
1244 1544 894
1255 1544 898
1266 1544 910
1277 1544 940
1288 1544 1019
1300 1544 1006
1311 1544 980
1322 1544 994
1333 1544 1013
1344 1544 1041
1355 1544 1852
1366 1544 1868
1377 1544 1882
1388 1544 1881
1400 1544 2256
1411 1544 2334
1422 1544 2411
1433 1544 995
1444 1544 993
1455 1544 900
1466 1544 852
1477 1544 900
1488 1544 904
1500 1544 766
1511 1544 765
1522 1544 768
1533 1544 765
1544 1544 770
1555 1544 786
1566 1544 784
1577 1544 800
1588 1544 793
1600 1544 783
1611 1544 835
1622 1544 907
1633 1544 898
1644 1544 900
1655 1544 894
1666 1544 935
1677 1544 3247
1688 1544 3269
1700 1544 3283
1711 1544 3294
1722 1544 3312
1733 1544 3332
1744 1544 3337
1755 1544 3348
1766 1544 3353
1777 1544 3359
1788 1544 3358
1800 1544 3356
1811 1544 3354
1822 1544 3349
1833 1544 3335
1844 1544 3337
1855 1544 3317
1866 1544 3307
1877 1544 3287
1888 1544 3262
1900 1544 3245
1911 1544 2989
1922 1544 3227
1933 1544 3224
1944 1544 3226
1955 1544 3226
1966 1544 3238
1977 1544 3235
1988 1544 3243
2000 1544 3254
2011 1544 3263
2022 1544 3281
2033 1544 3280
2044 1544 3289
2055 1544 3302
2066 1544 3306
2077 1544 3304
2088 1544 3320
2100 1544 3319
2111 1544 3326
2122 1544 3330
2133 1544 2753
2144 1544 3336
2155 1544 3339
2166 1555 3350
2155 1555 3363
2144 1555 788
2133 1555 810
2122 1555 807
2111 1555 839
2100 1555 858
2088 1555 871
2077 1555 884
2066 1555 894
2055 1555 903
2044 1555 913
2033 1555 923
2022 1555 932
2011 1555 661
2000 1555 597
1988 1555 571
1977 1555 551
1966 1555 540
1955 1555 525
1944 1555 520
1933 1555 507
1922 1555 497
1911 1555 499
1900 1555 512
1888 1555 528
1877 1555 542
1866 1555 559
1855 1555 587
1844 1555 633
1833 1555 945
1822 1555 936
1811 1555 925
1800 1555 915
1788 1555 905
1777 1555 898
1766 1555 886
1755 1555 849
1744 1555 844
1733 1555 836
1722 1555 808
1711 1555 768
1700 1555 768
1688 1555 742
1677 1555 744
1666 1555 3253
1655 1555 3260
1644 1555 3270
1633 1555 3289
1622 1555 3315
1611 1555 3331
1600 1555 3323
1588 1555 3363
1577 1555 3380
1566 1555 3395
1555 1555 3395
1544 1555 3397
1533 1555 3385
1522 1555 3373
1511 1555 3356
1500 1555 3329
1488 1555 3295
1477 1555 3265
1466 1555 3002
1455 1555 3233
1444 1555 3237
1433 1555 3246
1422 1555 3261
1411 1555 3266
1400 1555 3252
1388 1555 3246
1377 1555 3245
1366 1555 3237
1355 1555 3224
1344 1555 3224
1333 1555 3242
1322 1555 3262
1311 1555 3284
1300 1555 3303
1288 1555 897
1277 1555 896
1266 1555 904
1255 1555 901
1244 1555 911
1233 1555 838
1222 1555 786
1211 1555 783
1200 1555 797
1188 1555 782
1177 1555 785
1166 1555 786
1155 1555 785
1144 1555 776
1133 1555 765
1122 1555 768
1111 1555 768
1100 1555 763
1088 1555 763
1077 1555 860
1066 1555 910
1055 1555 903
1044 1555 871
1033 1555 903
1022 1555 901
1011 1555 993
1000 1555 998
988 1555 1004
977 1555 2406
966 1555 2354
955 1555 2275
944 1555 2132
933 1555 2151
922 1555 2113
911 1555 1140
900 1555 1062
888 1555 1038
877 1555 1028
866 1555 1009
855 1555 994
844 1555 994
833 1566 998
844 1566 1001
855 1566 1003
866 1566 927
877 1566 913
888 1566 902
900 1566 898
911 1566 884
922 1566 872
933 1566 857
944 1566 848
955 1566 843
966 1566 832
977 1566 832
988 1566 839
1000 1566 854
1011 1566 804
1022 1566 790
1033 1566 807
1044 1566 808
1055 1566 812
1066 1566 805
1077 1566 806
1088 1566 805
1100 1566 805
1111 1566 804
1122 1566 796
1133 1566 826
1144 1566 839
1155 1566 833
1166 1566 831
1177 1566 838
1188 1566 848
1200 1566 853
1211 1566 867
1222 1566 879
1233 1566 894
1244 1566 905
1255 1566 920
1266 1566 949
1277 1566 946
1288 1566 961
1300 1566 986
1311 1566 1527
1322 1566 1504
1333 1566 1480
1344 1566 1480
1355 1566 1422
1366 1566 1508
1377 1566 1518
1388 1566 1523
1400 1566 1531
1411 1566 1010
1422 1566 945
1433 1566 855
1444 1566 854
1455 1566 847
1466 1566 848
1477 1566 841
1488 1566 827
1500 1566 830
1511 1566 772
1522 1566 767
1533 1566 764
1544 1566 794
1555 1566 809
1566 1566 822
1577 1566 825
1588 1566 806
1600 1566 800
1611 1566 850
1622 1566 896
1633 1566 897
1644 1566 880
1655 1566 916
1666 1566 2939
1677 1566 2963
1688 1566 2967
1700 1566 2979
1711 1566 2988
1722 1566 3000
1733 1566 3012
1744 1566 3021
1755 1566 3033
1766 1566 3033
1777 1566 3041
1788 1566 3036
1800 1566 3039
1811 1566 3033
1822 1566 3032
1833 1566 3032
1844 1566 3017
1855 1566 3014
1866 1566 2998
1877 1566 2988
1888 1566 2973
1900 1566 2967
1911 1566 2956
1922 1566 2946
1933 1566 2946
1944 1566 2945
1955 1566 2937
1966 1566 2928
1977 1566 2937
1988 1566 2938
2000 1566 2942
2011 1566 2949
2022 1566 2958
2033 1566 2968
2044 1566 2982
2055 1566 2990
2066 1566 3000
2077 1566 3012
2088 1566 3016
2100 1566 3027
2111 1566 3035
2122 1566 3041
2133 1566 3011
2144 1566 3054
2155 1566 3053
2166 1577 741
2155 1577 734
2144 1577 744
2133 1577 759
2122 1577 777
2111 1577 794
2100 1577 811
2088 1577 829
2077 1577 848
2066 1577 865
2055 1577 881
2044 1577 898
2033 1577 911
2022 1577 708
2011 1577 617
2000 1577 587
1988 1577 572
1977 1577 557
1966 1577 548
1955 1577 540
1944 1577 523
1933 1577 520
1922 1577 518
1911 1577 519
1900 1577 523
1888 1577 529
1877 1577 544
1866 1577 552
1855 1577 569
1844 1577 594
1833 1577 629
1822 1577 926
1811 1577 919
1800 1577 904
1788 1577 890
1777 1577 869
1766 1577 851
1755 1577 832
1744 1577 822
1733 1577 804
1722 1577 783
1711 1577 762
1700 1577 757
1688 1577 735
1677 1577 736
1666 1577 2947
1655 1577 2912
1644 1577 2965
1633 1577 2984
1622 1577 2999
1611 1577 3016
1600 1577 3033
1588 1577 3053
1577 1577 3059
1566 1577 3078
1555 1577 3080
1544 1577 3078
1533 1577 3072
1522 1577 3053
1511 1577 3042
1500 1577 3021
1488 1577 2992
1477 1577 2974
1466 1577 2960
1455 1577 2961
1444 1577 2965
1433 1577 2967
1422 1577 2972
1411 1577 2981
1400 1577 2964
1388 1577 2960
1377 1577 2949
1366 1577 2937
1355 1577 2919
1344 1577 2916
1333 1577 2923
1322 1577 2947
1311 1577 2968
1300 1577 2978
1288 1577 0
1277 1577 881
1266 1577 905
1255 1577 895
1244 1577 886
1233 1577 806
1222 1577 790
1211 1577 815
1200 1577 818
1188 1577 815
1177 1577 806
1166 1577 798
1155 1577 786
1144 1577 764
1133 1577 765
1122 1577 770
1111 1577 772
1100 1577 783
1088 1577 830
1077 1577 829
1066 1577 845
1055 1577 852
1044 1577 851
1033 1577 848
1022 1577 856
1011 1577 855
1000 1577 894
988 1577 1003
977 1577 996
966 1577 1802
955 1577 1816
944 1577 1562
933 1577 1597
922 1577 1894
911 1577 1877
900 1577 1847
888 1577 1820
877 1577 1793
866 1577 1735
855 1577 1128
844 1577 993
833 1588 971
844 1588 955
855 1588 945
866 1588 928
877 1588 920
888 1588 910
900 1588 905
911 1588 899
922 1588 888
933 1588 873
944 1588 858
955 1588 850
966 1588 845
977 1588 844
988 1588 854
1000 1588 837
1011 1588 829
1022 1588 829
1033 1588 825
1044 1588 817
1055 1588 812
1066 1588 813
1077 1588 813
1088 1588 812
1100 1588 820
1111 1588 821
1122 1588 825
1133 1588 827
1144 1588 844
1155 1588 852
1166 1588 845
1177 1588 843
1188 1588 848
1200 1588 855
1211 1588 870
1222 1588 881
1233 1588 897
1244 1588 902
1255 1588 918
1266 1588 931
1277 1588 950
1288 1588 1084
1300 1588 1580
1311 1588 1546
1322 1588 1518
1333 1588 1488
1344 1588 1462
1355 1588 1437
1366 1588 1414
1377 1588 1398
1388 1588 1467
1400 1588 1476
1411 1588 940
1422 1588 868
1433 1588 855
1444 1588 857
1455 1588 855
1466 1588 860
1477 1588 847
1488 1588 834
1500 1588 835
1511 1588 823
1522 1588 775
1533 1588 770
1544 1588 805
1555 1588 821
1566 1588 832
1577 1588 836
1588 1588 812
1600 1588 809
1611 1588 827
1622 1588 893
1633 1588 899
1644 1588 890
1655 1588 896
1666 1588 2826
1677 1588 2830
1688 1588 2837
1700 1588 2856
1711 1588 2857
1722 1588 2869
1733 1588 2877
1744 1588 2879
1755 1588 2880
1766 1588 2887
1777 1588 2885
1788 1588 2877
1800 1588 2880
1811 1588 2870
1822 1588 2861
1833 1588 2856
1844 1588 2845
1855 1588 2832
1866 1588 2828
1877 1588 2810
1888 1588 2805
1900 1588 2798
1911 1588 2790
1922 1588 2785
1933 1588 2785
1944 1588 2785
1955 1588 2789
1966 1588 2787
1977 1588 2803
1988 1588 2809
2000 1588 2817
2011 1588 2829
2022 1588 2838
2033 1588 2852
2044 1588 2854
2055 1588 2864
2066 1588 2871
2077 1588 2878
2088 1588 2876
2100 1588 2882
2111 1588 2881
2122 1588 2880
2133 1588 2804
2144 1588 2874
2155 1588 2876
2166 1600 733
2155 1600 744
2144 1600 759
2133 1600 766
2122 1600 786
2111 1600 803
2100 1600 824
2088 1600 842
2077 1600 855
2066 1600 878
2055 1600 891
2044 1600 905
2033 1600 805
2022 1600 617
2011 1600 589
2000 1600 573
1988 1600 550
1977 1600 545
1966 1600 539
1955 1600 528
1944 1600 518
1933 1600 503
1922 1600 508
1911 1600 519
1900 1600 524
1888 1600 532
1877 1600 544
1866 1600 547
1855 1600 558
1844 1600 574
1833 1600 593
1822 1600 623
1811 1600 847
1800 1600 902
1788 1600 882
1777 1600 865
1766 1600 848
1755 1600 830
1744 1600 820
1733 1600 801
1722 1600 781
1711 1600 755
1700 1600 753
1688 1600 724
1677 1600 2645
1666 1600 2645
1655 1600 2643
1644 1600 2649
1633 1600 2650
1622 1600 2662
1611 1600 2670
1600 1600 2670
1588 1600 2682
1577 1600 2686
1566 1600 2686
1555 1600 2691
1544 1600 2690
1533 1600 2675
1522 1600 2668
1511 1600 2662
1500 1600 2647
1488 1600 2627
1477 1600 2617
1466 1600 2610
1455 1600 2605
1444 1600 2604
1433 1600 2617
1422 1600 2626
1411 1600 2625
1400 1600 2623
1388 1600 2624
1377 1600 2616
1366 1600 2607
1355 1600 2607
1344 1600 2606
1333 1600 2616
1322 1600 2622
1311 1600 2625
1300 1600 2641
1288 1600 2643
1277 1600 945
1266 1600 890
1255 1600 900
1244 1600 865
1233 1600 823
1222 1600 822
1211 1600 848
1200 1600 846
1188 1600 830
1177 1600 804
1166 1600 785
1155 1600 779
1144 1600 776
1133 1600 849
1122 1600 854
1111 1600 854
1100 1600 854
1088 1600 855
1077 1600 855
1066 1600 859
1055 1600 871
1044 1600 873
1033 1600 874
1022 1600 870
1011 1600 870
1000 1600 870
988 1600 875
977 1600 882
966 1600 910
955 1600 1353
944 1600 1367
933 1600 1387
922 1600 1407
911 1600 1430
900 1600 1455
888 1600 1474
877 1600 1494
866 1600 1517
855 1600 1467
844 1600 1354
833 1611 1448
844 1611 1375
855 1611 1345
866 1611 1230
877 1611 1222
888 1611 1230
900 1611 1250
911 1611 1007
922 1611 981
933 1611 873
944 1611 856
955 1611 847
966 1611 832
977 1611 828
988 1611 823
1000 1611 819
1011 1611 810
1022 1611 806
1033 1611 804
1044 1611 804
1055 1611 803
1066 1611 802
1077 1611 802
1088 1611 805
1100 1611 808
1111 1611 809
1122 1611 810
1133 1611 810
1144 1611 818
1155 1611 823
1166 1611 826
1177 1611 829
1188 1611 837
1200 1611 849
1211 1611 862
1222 1611 880
1233 1611 991
1244 1611 1173
1255 1611 1228
1266 1611 1237
1277 1611 1268
1288 1611 1353
1300 1611 1387
1311 1611 1346
1322 1611 1340
1333 1611 1507
1344 1611 1473
1355 1611 1453
1366 1611 1433
1377 1611 1410
1388 1611 1388
1400 1611 1361
1411 1611 895
1422 1611 876
1433 1611 871
1444 1611 868
1455 1611 870
1466 1611 872
1477 1611 865
1488 1611 857
1500 1611 854
1511 1611 853
1522 1611 853
1533 1611 847
1544 1611 778
1555 1611 789
1566 1611 815
1577 1611 841
1588 1611 848
1600 1611 827
1611 1611 826
1622 1611 850
1633 1611 894
1644 1611 903
1655 1611 894
1666 1611 2628
1677 1611 2638
1688 1611 2648
1700 1611 2657
1711 1611 2665
1722 1611 2679
1733 1611 2670
1744 1611 2679
1755 1611 2673
1766 1611 2671
1777 1611 2670
1788 1611 2667
1800 1611 2662
1811 1611 2651
1822 1611 2649
1833 1611 2631
1844 1611 2628
1855 1611 2626
1866 1611 2613
1877 1611 2604
1888 1611 2600
1900 1611 2597
1911 1611 2597
1922 1611 2595
1933 1611 2600
1944 1611 2601
1955 1611 2604
1966 1611 2602
1977 1611 2615
1988 1611 2624
2000 1611 2626
2011 1611 2629
2022 1611 2641
2033 1611 2648
2044 1611 2649
2055 1611 2653
2066 1611 2662
2077 1611 2660
2088 1611 2668
2100 1611 2666
2111 1611 2670
2122 1611 2665
2133 1611 2663
2144 1611 2663
2155 1611 2658
2166 1622 2657
2155 1622 744
2144 1622 731
2133 1622 753
2122 1622 761
2111 1622 784
2100 1622 807
2088 1622 824
2077 1622 843
2066 1622 857
2055 1622 878
2044 1622 889
2033 1622 904
2022 1622 648
2011 1622 617
2000 1622 596
1988 1622 590
1977 1622 575
1966 1622 570
1955 1622 549
1944 1622 539
1933 1622 534
1922 1622 535
1911 1622 539
1900 1622 543
1888 1622 550
1877 1622 570
1866 1622 576
1855 1622 584
1844 1622 595
1833 1622 616
1822 1622 640
1811 1622 904
1800 1622 893
1788 1622 870
1777 1622 852
1766 1622 831
1755 1622 819
1744 1622 802
1733 1622 780
1722 1622 758
1711 1622 753
1700 1622 733
1688 1622 2490
1677 1622 2489
1666 1622 2487
1655 1622 2490
1644 1622 2490
1633 1622 2492
1622 1622 2504
1611 1622 2505
1600 1622 2517
1588 1622 2518
1577 1622 2530
1566 1622 2532
1555 1622 2530
1544 1622 2533
1533 1622 2524
1522 1622 2509
1511 1622 2501
1500 1622 2484
1488 1622 2469
1477 1622 2463
1466 1622 2465
1455 1622 2466
1444 1622 2467
1433 1622 2475
1422 1622 2482
1411 1622 2472
1400 1622 2471
1388 1622 2466
1377 1622 2466
1366 1622 2458
1355 1622 2467
1344 1622 2468
1333 1622 2473
1322 1622 2493
1311 1622 2494
1300 1622 2496
1288 1622 2494
1277 1622 898
1266 1622 906
1255 1622 886
1244 1622 865
1233 1622 829
1222 1622 830
1211 1622 836
1200 1622 857
1188 1622 853
1177 1622 829
1166 1622 806
1155 1622 788
1144 1622 804
1133 1622 860
1122 1622 873
1111 1622 873
1100 1622 876
1088 1622 872
1077 1622 882
1066 1622 882
1055 1622 889
1044 1622 887
1033 1622 885
1022 1622 885
1011 1622 887
1000 1622 889
988 1622 891
977 1622 901
966 1622 903
955 1622 921
944 1622 1380
933 1622 1392
922 1622 1409
911 1622 1434
900 1622 1456
888 1622 1477
877 1622 1500
866 1622 1504
855 1622 1334
844 1622 1323
833 1633 1247
844 1633 1233
855 1633 1225
866 1633 1231
877 1633 1231
888 1633 1246
900 1633 1257
911 1633 1271
922 1633 1287
933 1633 1301
944 1633 1312
955 1633 1451
966 1633 1452
977 1633 1455
988 1633 959
1000 1633 945
1011 1633 925
1022 1633 831
1033 1633 824
1044 1633 818
1055 1633 814
1066 1633 813
1077 1633 810
1088 1633 811
1100 1633 812
1111 1633 815
1122 1633 821
1133 1633 823
1144 1633 827
1155 1633 832
1166 1633 848
1177 1633 951
1188 1633 974
1200 1633 1548
1211 1633 1304
1222 1633 1281
1233 1633 1270
1244 1633 1257
1255 1633 1241
1266 1633 1229
1277 1633 1226
1288 1633 1222
1300 1633 1220
1311 1633 1231
1322 1633 1346
1333 1633 1357
1344 1633 1467
1355 1633 1444
1366 1633 1423
1377 1633 1400
1388 1633 1380
1400 1633 904
1411 1633 904
1422 1633 887
1433 1633 885
1444 1633 886
1455 1633 888
1466 1633 886
1477 1633 878
1488 1633 871
1500 1633 871
1511 1633 871
1522 1633 871
1533 1633 868
1544 1633 805
1555 1633 812
1566 1633 845
1577 1633 861
1588 1633 853
1600 1633 829
1611 1633 832
1622 1633 877
1633 1633 882
1644 1633 907
1655 1633 900
1666 1633 2441
1677 1633 2447
1688 1633 2459
1700 1633 2465
1711 1633 2478
1722 1633 2489
1733 1633 2491
1744 1633 2496
1755 1633 2503
1766 1633 2506
1777 1633 2510
1788 1633 2502
1800 1633 2508
1811 1633 2490
1822 1633 2491
1833 1633 2489
1844 1633 2478
1855 1633 2464
1866 1633 2458
1877 1633 2447
1888 1633 2435
1900 1633 2423
1911 1633 2421
1922 1633 2419
1933 1633 2417
1944 1633 2416
1955 1633 2422
1966 1633 2425
1977 1633 2427
1988 1633 2442
2000 1633 2444
2011 1633 2463
2022 1633 2466
2033 1633 2483
2044 1633 2491
2055 1633 2499
2066 1633 2504
2077 1633 2507
2088 1633 2513
2100 1633 2508
2111 1633 2509
2122 1633 2504
2133 1633 2496
2144 1633 2490
2155 1633 2492
2166 1644 2483
2155 1644 723
2144 1644 733
2133 1644 759
2122 1644 756
2111 1644 781
2100 1644 810
2088 1644 828
2077 1644 846
2066 1644 861
2055 1644 878
2044 1644 899
2033 1644 677
2022 1644 633
2011 1644 616
2000 1644 598
1988 1644 594
1977 1644 582
1966 1644 576
1955 1644 570
1944 1644 570
1933 1644 567
1922 1644 568
1911 1644 569
1900 1644 572
1888 1644 574
1877 1644 578
1866 1644 585
1855 1644 592
1844 1644 600
1833 1644 617
1822 1644 638
1811 1644 713
1800 1644 897
1788 1644 876
1777 1644 853
1766 1644 837
1755 1644 822
1744 1644 802
1733 1644 783
1722 1644 760
1711 1644 744
1700 1644 731
1688 1644 2327
1677 1644 2327
1666 1644 2331
1655 1644 2331
1644 1644 2341
1633 1644 2350
1622 1644 2350
1611 1644 2355
1600 1644 2364
1588 1644 2366
1577 1644 2365
1566 1644 2367
1555 1644 2365
1544 1644 2353
1533 1644 2350
1522 1644 2345
1511 1644 2342
1500 1644 2329
1488 1644 2321
1477 1644 2316
1466 1644 2324
1455 1644 2328
1444 1644 2333
1433 1644 2326
1422 1644 2319
1411 1644 2316
1400 1644 2306
1388 1644 2306
1377 1644 2306
1366 1644 2315
1355 1644 2322
1344 1644 2330
1333 1644 2326
1322 1644 2330
1311 1644 2335
1300 1644 2341
1288 1644 0
1277 1644 902
1266 1644 903
1255 1644 888
1244 1644 884
1233 1644 841
1222 1644 835
1211 1644 840
1200 1644 872
1188 1644 856
1177 1644 846
1166 1644 825
1155 1644 872
1144 1644 868
1133 1644 869
1122 1644 873
1111 1644 878
1100 1644 883
1088 1644 886
1077 1644 886
1066 1644 887
1055 1644 888
1044 1644 891
1033 1644 890
1022 1644 895
1011 1644 896
1000 1644 897
988 1644 899
977 1644 902
966 1644 907
955 1644 957
944 1644 1378
933 1644 1399
922 1644 1420
911 1644 1433
900 1644 1456
888 1644 1354
877 1644 1356
866 1644 1263
855 1644 1235
844 1644 1227
833 1655 1222
844 1655 1223
855 1655 1235
866 1655 1229
877 1655 1246
888 1655 1251
900 1655 1270
911 1655 1277
922 1655 1289
933 1655 1301
944 1655 1318
955 1655 1345
966 1655 1385
977 1655 1426
988 1655 1463
1000 1655 1539
1011 1655 1535
1022 1655 1527
1033 1655 1519
1044 1655 1515
1055 1655 1513
1066 1655 1511
1077 1655 1512
1088 1655 1492
1100 1655 1518
1111 1655 1525
1122 1655 1528
1133 1655 1526
1144 1655 1534
1155 1655 1429
1166 1655 1396
1177 1655 1368
1188 1655 1322
1200 1655 1314
1211 1655 1295
1222 1655 1280
1233 1655 1260
1244 1655 1248
1255 1655 1230
1266 1655 1223
1277 1655 1252
1288 1655 1236
1300 1655 1270
1311 1655 1307
1322 1655 1312
1333 1655 1319
1344 1655 1273
1355 1655 1244
1366 1655 1397
1377 1655 1378
1388 1655 903
1400 1655 903
1411 1655 900
1422 1655 894
1433 1655 895
1444 1655 895
1455 1655 891
1466 1655 883
1477 1655 883
1488 1655 886
1500 1655 881
1511 1655 876
1522 1655 870
1533 1655 879
1544 1655 850
1555 1655 847
1566 1655 863
1577 1655 883
1588 1655 858
1600 1655 845
1611 1655 865
1622 1655 899
1633 1655 893
1644 1655 902
1655 1655 910
1666 1655 0
1677 1655 2314
1688 1655 2329
1700 1655 2327
1711 1655 2341
1722 1655 2346
1733 1655 2345
1744 1655 2351
1755 1655 2350
1766 1655 2348
1777 1655 2346
1788 1655 2337
1800 1655 2331
1811 1655 2324
1822 1655 2309
1833 1655 2305
1844 1655 2294
1855 1655 2281
1866 1655 2279
1877 1655 2275
1888 1655 2271
1900 1655 2265
1911 1655 2270
1922 1655 2278
1933 1655 2283
1944 1655 2285
1955 1655 2299
1966 1655 2305
1977 1655 2308
1988 1655 2321
2000 1655 2328
2011 1655 2337
2022 1655 2345
2033 1655 2346
2044 1655 2352
2055 1655 2352
2066 1655 2346
2077 1655 2338
2088 1655 2327
2100 1655 2329
2111 1655 2313
2122 1655 2306
2133 1655 2306
2144 1655 2292
2155 1655 2295
2166 1666 2288
2155 1666 743
2144 1666 740
2133 1666 767
2122 1666 776
2111 1666 800
2100 1666 824
2088 1666 844
2077 1666 861
2066 1666 883
2055 1666 902
2044 1666 717
2033 1666 650
2022 1666 630
2011 1666 617
2000 1666 605
1988 1666 600
1977 1666 594
1966 1666 592
1955 1666 590
1944 1666 587
1933 1666 583
1922 1666 585
1911 1666 587
1900 1666 590
1888 1666 592
1877 1666 593
1866 1666 596
1855 1666 601
1844 1666 612
1833 1666 622
1822 1666 637
1811 1666 669
1800 1666 814
1788 1666 896
1777 1666 869
1766 1666 848
1755 1666 831
1744 1666 816
1733 1666 788
1722 1666 766
1711 1666 762
1700 1666 739
1688 1666 2244
1677 1666 2240
1666 1666 2235
1655 1666 2235
1644 1666 2237
1633 1666 2237
1622 1666 2237
1611 1666 2239
1600 1666 2236
1588 1666 2236
1577 1666 2240
1566 1666 2238
1555 1666 2239
1544 1666 2234
1533 1666 2230
1522 1666 2214
1511 1666 2212
1500 1666 2203
1488 1666 2193
1477 1666 2188
1466 1666 2184
1455 1666 2191
1444 1666 2192
1433 1666 2193
1422 1666 2190
1411 1666 2195
1400 1666 2192
1388 1666 2193
1377 1666 2189
1366 1666 2192
1355 1666 2194
1344 1666 2206
1333 1666 2209
1322 1666 2214
1311 1666 2212
1300 1666 2215
1288 1666 917
1277 1666 911
1266 1666 903
1255 1666 894
1244 1666 870
1233 1666 864
1222 1666 854
1211 1666 872
1200 1666 886
1188 1666 906
1177 1666 881
1166 1666 885
1155 1666 872
1144 1666 870
1133 1666 875
1122 1666 879
1111 1666 880
1100 1666 884
1088 1666 880
1077 1666 887
1066 1666 886
1055 1666 895
1044 1666 899
1033 1666 898
1022 1666 901
1011 1666 902
1000 1666 905
988 1666 904
977 1666 911
966 1666 922
955 1666 942
944 1666 1381
933 1666 1387
922 1666 1372
911 1666 1238
900 1666 1271
888 1666 1307
877 1666 1326
866 1666 1303
855 1666 1295
844 1666 1259
833 1677 1239
844 1677 1257
855 1677 1253
866 1677 1260
877 1677 1258
888 1677 1248
900 1677 1257
911 1677 1264
922 1677 1266
933 1677 1278
944 1677 1243
955 1677 1279
966 1677 1318
977 1677 1352
988 1677 1383
1000 1677 1416
1011 1677 1446
1022 1677 1629
1033 1677 1643
1044 1677 1641
1055 1677 1637
1066 1677 1632
1077 1677 1626
1088 1677 1591
1100 1677 1593
1111 1677 1636
1122 1677 1586
1133 1677 1440
1144 1677 1407
1155 1677 1379
1166 1677 1343
1177 1677 1311
1188 1677 1285
1200 1677 1282
1211 1677 1280
1222 1677 1267
1233 1677 1262
1244 1677 1247
1255 1677 1256
1266 1677 1256
1277 1677 1259
1288 1677 1249
1300 1677 1231
1311 1677 1198
1322 1677 1155
1333 1677 1151
1344 1677 1153
1355 1677 1167
1366 1677 1180
1377 1677 1375
1388 1677 963
1400 1677 945
1411 1677 944
1422 1677 929
1433 1677 916
1444 1677 906
1455 1677 904
1466 1677 896
1477 1677 890
1488 1677 882
1500 1677 887
1511 1677 884
1522 1677 876
1533 1677 872
1544 1677 885
1555 1677 888
1566 1677 919
1577 1677 910
1588 1677 899
1600 1677 868
1611 1677 859
1622 1677 898
1633 1677 918
1644 1677 903
1655 1677 928
1666 1677 954
1677 1677 2126
1688 1677 2126
1700 1677 2130
1711 1677 2133
1722 1677 2136
1733 1677 2140
1744 1677 2141
1755 1677 2145
1766 1677 2143
1777 1677 2139
1788 1677 2139
1800 1677 2137
1811 1677 2133
1822 1677 2123
1833 1677 2123
1844 1677 2122
1855 1677 2119
1866 1677 2109
1877 1677 2100
1888 1677 2101
1900 1677 2101
1911 1677 2101
1922 1677 2099
1933 1677 2099
1944 1677 2100
1955 1677 2109
1966 1677 2116
1977 1677 2120
1988 1677 2126
2000 1677 2128
2011 1677 2138
2022 1677 2145
2033 1677 2145
2044 1677 2148
2055 1677 2147
2066 1677 2143
2077 1677 2148
2088 1677 2147
2100 1677 2147
2111 1677 2144
2122 1677 2141
2133 1677 2132
2144 1677 2127
2155 1677 2125
2166 1688 2124
2155 1688 2126
2144 1688 747
2133 1688 751
2122 1688 778
2111 1688 791
2100 1688 820
2088 1688 839
2077 1688 862
2066 1688 885
2055 1688 907
2044 1688 919
2033 1688 706
2022 1688 671
2011 1688 656
2000 1688 642
1988 1688 637
1977 1688 621
1966 1688 620
1955 1688 617
1944 1688 616
1933 1688 615
1922 1688 617
1911 1688 618
1900 1688 619
1888 1688 622
1877 1688 620
1866 1688 635
1855 1688 640
1844 1688 648
1833 1688 665
1822 1688 691
1811 1688 837
1800 1688 910
1788 1688 893
1777 1688 868
1766 1688 846
1755 1688 827
1744 1688 807
1733 1688 782
1722 1688 771
1711 1688 749
1700 1688 754
1688 1688 2116
1677 1688 2123
1666 1688 2123
1655 1688 2124
1644 1688 2128
1633 1688 2136
1622 1688 2139
1611 1688 2141
1600 1688 2139
1588 1688 2139
1577 1688 2139
1566 1688 2135
1555 1688 2129
1544 1688 2121
1533 1688 2124
1522 1688 2116
1511 1688 2102
1500 1688 2097
1488 1688 2090
1477 1688 2079
1466 1688 2078
1455 1688 2082
1444 1688 2088
1433 1688 2088
1422 1688 2084
1411 1688 2090
1400 1688 2089
1388 1688 2088
1377 1688 2089
1366 1688 2095
1355 1688 2098
1344 1688 2101
1333 1688 2116
1322 1688 2119
1311 1688 2122
1300 1688 2125
1288 1688 2123
1277 1688 2126
1266 1688 930
1255 1688 906
1244 1688 917
1233 1688 900
1222 1688 865
1211 1688 864
1200 1688 876
1188 1688 905
1177 1688 919
1166 1688 889
1155 1688 894
1144 1688 878
1133 1688 873
1122 1688 876
1111 1688 885
1100 1688 885
1088 1688 884
1077 1688 894
1066 1688 901
1055 1688 910
1044 1688 918
1033 1688 915
1022 1688 917
1011 1688 924
1000 1688 940
988 1688 948
977 1688 943
966 1688 945
955 1688 972
944 1688 1365
933 1688 1378
922 1688 1180
911 1688 1171
900 1688 1168
888 1688 1233
877 1688 1243
866 1688 1230
855 1688 1229
844 1688 1231
833 1700 1231
844 1700 1239
855 1700 1243
866 1700 1245
877 1700 1254
888 1700 1251
900 1700 1255
911 1700 1264
922 1700 1278
933 1700 1288
944 1700 1176
955 1700 1200
966 1700 1238
977 1700 1270
988 1700 1302
1000 1700 1330
1011 1700 1354
1022 1700 1382
1033 1700 1405
1044 1700 1428
1055 1700 1450
1066 1700 1467
1077 1700 1471
1088 1700 1472
1100 1700 1469
1111 1700 1457
1122 1700 1431
1133 1700 1404
1144 1700 1376
1155 1700 1345
1166 1700 1318
1177 1700 1286
1188 1700 1249
1200 1700 1211
1211 1700 1192
1222 1700 1282
1233 1700 1283
1244 1700 1263
1255 1700 1250
1266 1700 1233
1277 1700 1221
1288 1700 1209
1300 1700 1118
1311 1700 1124
1322 1700 1133
1333 1700 1144
1344 1700 1153
1355 1700 1166
1366 1700 1180
1377 1700 1200
1388 1700 1022
1400 1700 966
1411 1700 938
1422 1700 944
1433 1700 948
1444 1700 947
1455 1700 943
1466 1700 933
1477 1700 924
1488 1700 920
1500 1700 910
1511 1700 903
1522 1700 893
1533 1700 879
1544 1700 891
1555 1700 908
1566 1700 924
1577 1700 926
1588 1700 886
1600 1700 882
1611 1700 906
1622 1700 891
1633 1700 925
1644 1700 913
1655 1700 1980
1666 1700 1984
1677 1700 1984
1688 1700 1986
1700 1700 1985
1711 1700 1986
1722 1700 1985
1733 1700 1988
1744 1700 1993
1755 1700 1990
1766 1700 1996
1777 1700 2000
1788 1700 1998
1800 1700 2002
1811 1700 2001
1822 1700 2003
1833 1700 2002
1844 1700 2000
1855 1700 2000
1866 1700 1999
1877 1700 1996
1888 1700 1988
1900 1700 1985
1911 1700 1985
1922 1700 1980
1933 1700 1980
1944 1700 1977
1955 1700 1972
1966 1700 1970
1977 1700 1963
1988 1700 1963
2000 1700 1961
2011 1700 1971
2022 1700 1971
2033 1700 1977
2044 1700 1981
2055 1700 1983
2066 1700 1983
2077 1700 1991
2088 1700 1997
2100 1700 2002
2111 1700 2006
2122 1700 2006
2133 1700 2010
2144 1700 2012
2155 1700 2013
2166 1711 2017
2155 1711 2021
2144 1711 758
2133 1711 776
2122 1711 784
2111 1711 809
2100 1711 840
2088 1711 872
2077 1711 901
2066 1711 926
2055 1711 955
2044 1711 761
2033 1711 704
2022 1711 692
2011 1711 686
2000 1711 676
1988 1711 668
1977 1711 664
1966 1711 658
1955 1711 648
1944 1711 643
1933 1711 641
1922 1711 639
1911 1711 639
1900 1711 641
1888 1711 642
1877 1711 644
1866 1711 647
1855 1711 655
1844 1711 664
1833 1711 671
1822 1711 685
1811 1711 699
1800 1711 774
1788 1711 930
1777 1711 912
1766 1711 893
1755 1711 865
1744 1711 841
1733 1711 822
1722 1711 792
1711 1711 771
1700 1711 748
1688 1711 761
1677 1711 1981
1666 1711 1981
1655 1711 1984
1644 1711 1984
1633 1711 1995
1622 1711 2001
1611 1711 2005
1600 1711 2008
1588 1711 2010
1577 1711 2009
1566 1711 2009
1555 1711 2009
1544 1711 2011
1533 1711 2008
1522 1711 2007
1511 1711 2001
1500 1711 1994
1488 1711 1986
1477 1711 1980
1466 1711 1979
1455 1711 1978
1444 1711 1978
1433 1711 1981
1422 1711 1984
1411 1711 1976
1400 1711 1975
1388 1711 1970
1377 1711 1958
1366 1711 1961
1355 1711 1962
1344 1711 1962
1333 1711 1969
1322 1711 1977
1311 1711 1984
1300 1711 1984
1288 1711 1988
1277 1711 914
1266 1711 921
1255 1711 892
1244 1711 900
1233 1711 878
1222 1711 883
1211 1711 924
1200 1711 926
1188 1711 925
1177 1711 919
1166 1711 892
1155 1711 885
1144 1711 877
1133 1711 889
1122 1711 897
1111 1711 903
1100 1711 910
1088 1711 915
1077 1711 921
1066 1711 922
1055 1711 928
1044 1711 938
1033 1711 947
1022 1711 948
1011 1711 947
1000 1711 945
988 1711 948
977 1711 941
966 1711 954
955 1711 1022
944 1711 1056
933 1711 1196
922 1711 1177
911 1711 1168
900 1711 1155
888 1711 1150
877 1711 1141
866 1711 1133
855 1711 1126
844 1711 1121
833 1722 1112
844 1722 1106
855 1722 1102
866 1722 1099
877 1722 1106
888 1722 1186
900 1722 1204
911 1722 1177
922 1722 1111
933 1722 1149
944 1722 1185
955 1722 1222
966 1722 1263
977 1722 1293
988 1722 1322
1000 1722 1340
1011 1722 1365
1022 1722 1627
1033 1722 1620
1044 1722 1616
1055 1722 1616
1066 1722 1620
1077 1722 1629
1088 1722 1644
1100 1722 1643
1111 1722 1648
1122 1722 1658
1133 1722 1398
1144 1722 1372
1155 1722 1345
1166 1722 1319
1177 1722 1279
1188 1722 1243
1200 1722 1201
1211 1722 1164
1222 1722 1128
1233 1722 1106
1244 1722 1120
1255 1722 1085
1266 1722 1088
1277 1722 1097
1288 1722 1104
1300 1722 1112
1311 1722 1124
1322 1722 1130
1333 1722 1140
1344 1722 1149
1355 1722 1158
1366 1722 1167
1377 1722 1177
1388 1722 1188
1400 1722 1011
1411 1722 965
1422 1722 940
1433 1722 936
1444 1722 939
1455 1722 943
1466 1722 945
1477 1722 946
1488 1722 939
1500 1722 927
1511 1722 916
1522 1722 905
1533 1722 900
1544 1722 895
1555 1722 903
1566 1722 951
1577 1722 947
1588 1722 918
1600 1722 905
1611 1722 901
1622 1722 899
1633 1722 911
1644 1722 927
1655 1722 913
1666 1722 1887
1677 1722 1886
1688 1722 1888
1700 1722 1890
1711 1722 1890
1722 1722 1892
1733 1722 1890
1744 1722 1893
1755 1722 1891
1766 1722 1890
1777 1722 1891
1788 1722 1890
1800 1722 1891
1811 1722 1888
1822 1722 1888
1833 1722 1889
1844 1722 1887
1855 1722 1885
1866 1722 1884
1877 1722 1883
1888 1722 1884
1900 1722 1883
1911 1722 1883
1922 1722 1879
1933 1722 1878
1944 1722 1880
1955 1722 1881
1966 1722 1880
1977 1722 1880
1988 1722 1878
2000 1722 1876
2011 1722 1879
2022 1722 1879
2033 1722 1881
2044 1722 1881
2055 1722 1884
2066 1722 1885
2077 1722 1888
2088 1722 1888
2100 1722 1890
2111 1722 1890
2122 1722 1889
2133 1722 1897
2144 1722 1899
2155 1722 1905
2166 1733 1911
2155 1733 1913
2144 1733 771
2133 1733 758
2122 1733 798
2111 1733 827
2100 1733 867
2088 1733 903
2077 1733 946
2066 1733 1898
2055 1733 1890
2044 1733 772
2033 1733 713
2022 1733 690
2011 1733 686
2000 1733 680
1988 1733 671
1977 1733 666
1966 1733 661
1955 1733 658
1944 1733 654
1933 1733 646
1922 1733 652
1911 1733 657
1900 1733 658
1888 1733 661
1877 1733 665
1866 1733 670
1855 1733 673
1844 1733 684
1833 1733 691
1822 1733 691
1811 1733 717
1800 1733 793
1788 1733 1917
1777 1733 958
1766 1733 920
1755 1733 897
1744 1733 865
1733 1733 836
1722 1733 808
1711 1733 797
1700 1733 772
1688 1733 775
1677 1733 1884
1666 1733 1887
1655 1733 1890
1644 1733 1889
1633 1733 1893
1622 1733 1897
1611 1733 1905
1600 1733 1908
1588 1733 1913
1577 1733 1915
1566 1733 1916
1555 1733 1914
1544 1733 1914
1533 1733 1912
1522 1733 1901
1511 1733 1892
1500 1733 1892
1488 1733 1885
1477 1733 1878
1466 1733 1872
1455 1733 1870
1444 1733 1871
1433 1733 1872
1422 1733 1879
1411 1733 1875
1400 1733 1873
1388 1733 1875
1377 1733 1870
1366 1733 1870
1355 1733 1868
1344 1733 1873
1333 1733 1873
1322 1733 1883
1311 1733 1885
1300 1733 1891
1288 1733 1890
1277 1733 1891
1266 1733 1888
1255 1733 925
1244 1733 918
1233 1733 894
1222 1733 899
1211 1733 904
1200 1733 918
1188 1733 945
1177 1733 954
1166 1733 920
1155 1733 901
1144 1733 897
1133 1733 897
1122 1733 903
1111 1733 910
1100 1733 920
1088 1733 926
1077 1733 934
1066 1733 946
1055 1733 945
1044 1733 946
1033 1733 943
1022 1733 942
1011 1733 935
1000 1733 937
988 1733 934
977 1733 939
966 1733 954
955 1733 1011
944 1733 1021
933 1733 1192
922 1733 1178
911 1733 1167
900 1733 1156
888 1733 1150
877 1733 1143
866 1733 1134
855 1733 1129
844 1733 1122
833 1744 1108
844 1744 1108
855 1744 1102
866 1744 1097
877 1744 1086
888 1744 1088
900 1744 1106
911 1744 1159
922 1744 1116
933 1744 1151
944 1744 1196
955 1744 1238
966 1744 1288
977 1744 1550
988 1744 1563
1000 1744 1561
1011 1744 1562
1022 1744 1564
1033 1744 1569
1044 1744 1572
1055 1744 1574
1066 1744 1578
1077 1744 1575
1088 1744 1576
1100 1744 1576
1111 1744 1579
1122 1744 1573
1133 1744 1570
1144 1744 1548
1155 1744 1306
1166 1744 1273
1177 1744 1239
1188 1744 1196
1200 1744 1159
1211 1744 1126
1222 1744 1121
1233 1744 1101
1244 1744 1082
1255 1744 1086
1266 1744 1099
1277 1744 1108
1288 1744 1113
1300 1744 1126
1311 1744 1134
1322 1744 1145
1333 1744 1153
1344 1744 1164
1355 1744 1177
1366 1744 1192
1377 1744 1015
1388 1744 1024
1400 1744 945
1411 1744 936
1422 1744 939
1433 1744 940
1444 1744 942
1455 1744 945
1466 1744 941
1477 1744 943
1488 1744 936
1500 1744 922
1511 1744 915
1522 1744 904
1533 1744 905
1544 1744 929
1555 1744 945
1566 1744 897
1577 1744 926
1588 1744 927
1600 1744 916
1611 1744 908
1622 1744 920
1633 1744 949
1644 1744 929
1655 1744 907
1666 1744 1817
1677 1744 1817
1688 1744 1818
1700 1744 1820
1711 1744 1819
1722 1744 1820
1733 1744 1820
1744 1744 1819
1755 1744 1821
1766 1744 1819
1777 1744 1819
1788 1744 1817
1800 1744 1817
1811 1744 1816
1822 1744 1815
1833 1744 1812
1844 1744 1811
1855 1744 1813
1866 1744 1809
1877 1744 1809
1888 1744 1804
1900 1744 1802
1911 1744 1800
1922 1744 1798
1933 1744 1801
1944 1744 1799
1955 1744 1803
1966 1744 1799
1977 1744 1798
1988 1744 1802
2000 1744 1799
2011 1744 1805
2022 1744 1809
2033 1744 1813
2044 1744 1814
2055 1744 1815
2066 1744 1818
2077 1744 1820
2088 1744 1820
2100 1744 1822
2111 1744 1823
2122 1744 1821
2133 1744 1824
2144 1744 1824
2155 1744 1820
2166 1755 1823
2155 1755 1831
2144 1755 782
2133 1755 804
2122 1755 830
2111 1755 877
2100 1755 1818
2088 1755 1814
2077 1755 1812
2066 1755 1811
2055 1755 823
2044 1755 770
2033 1755 733
2022 1755 683
2011 1755 667
2000 1755 659
1988 1755 654
1977 1755 644
1966 1755 642
1955 1755 640
1944 1755 642
1933 1755 644
1922 1755 647
1911 1755 654
1900 1755 657
1888 1755 660
1877 1755 664
1866 1755 671
1855 1755 679
1844 1755 686
1833 1755 731
1822 1755 775
1811 1755 1836
1800 1755 1829
1788 1755 1825
1777 1755 1822
1766 1755 1815
1755 1755 892
1744 1755 852
1733 1755 825
1722 1755 788
1711 1755 784
1700 1755 1813
1688 1755 1811
1677 1755 1814
1666 1755 1817
1655 1755 1820
1644 1755 1821
1633 1755 1823
1622 1755 1821
1611 1755 1821
1600 1755 1823
1588 1755 1822
1577 1755 1823
1566 1755 1820
1555 1755 1818
1544 1755 1814
1533 1755 1810
1522 1755 1804
1511 1755 1802
1500 1755 1798
1488 1755 1800
1477 1755 1800
1466 1755 1801
1455 1755 1798
1444 1755 1799
1433 1755 1798
1422 1755 1798
1411 1755 1793
1400 1755 1789
1388 1755 1786
1377 1755 1787
1366 1755 1794
1355 1755 1799
1344 1755 1799
1333 1755 1804
1322 1755 1803
1311 1755 1805
1300 1755 1811
1288 1755 912
1277 1755 933
1266 1755 940
1255 1755 921
1244 1755 910
1233 1755 917
1222 1755 926
1211 1755 918
1200 1755 931
1188 1755 896
1177 1755 959
1166 1755 965
1155 1755 921
1144 1755 906
1133 1755 902
1122 1755 906
1111 1755 916
1100 1755 926
1088 1755 939
1077 1755 942
1066 1755 944
1055 1755 945
1044 1755 943
1033 1755 945
1022 1755 944
1011 1755 943
1000 1755 941
988 1755 940
977 1755 945
966 1755 996
955 1755 1020
944 1755 1015
933 1755 1193
922 1755 1181
911 1755 1173
900 1755 1158
888 1755 1152
877 1755 1144
866 1755 1137
855 1755 1131
844 1755 1123
833 1766 1106
844 1766 1108
855 1766 1101
866 1766 1098
877 1766 1088
888 1766 1102
900 1766 1125
911 1766 1192
922 1766 1135
933 1766 1144
944 1766 1182
955 1766 1219
966 1766 1459
977 1766 1455
988 1766 1452
1000 1766 1451
1011 1766 1454
1022 1766 1453
1033 1766 1449
1044 1766 1454
1055 1766 1454
1066 1766 1463
1077 1766 1475
1088 1766 1480
1100 1766 1486
1111 1766 1485
1122 1766 1486
1133 1766 1487
1144 1766 1489
1155 1766 1489
1166 1766 1257
1177 1766 1214
1188 1766 1177
1200 1766 1140
1211 1766 1127
1222 1766 1169
1233 1766 1111
1244 1766 1088
1255 1766 1100
1266 1766 1108
1277 1766 1113
1288 1766 1127
1300 1766 1130
1311 1766 1148
1322 1766 1213
1333 1766 1244
1344 1766 1249
1355 1766 1018
1366 1766 1026
1377 1766 1014
1388 1766 987
1400 1766 985
1411 1766 944
1422 1766 944
1433 1766 945
1444 1766 943
1455 1766 937
1466 1766 929
1477 1766 923
1488 1766 922
1500 1766 922
1511 1766 924
1522 1766 929
1533 1766 920
1544 1766 929
1555 1766 922
1566 1766 926
1577 1766 898
1588 1766 913
1600 1766 913
1611 1766 957
1622 1766 1035
1633 1766 985
1644 1766 930
1655 1766 919
1666 1766 1723
1677 1766 1725
1688 1766 1725
1700 1766 1726
1711 1766 1727
1722 1766 1727
1733 1766 1728
1744 1766 1729
1755 1766 1731
1766 1766 1732
1777 1766 1729
1788 1766 1730
1800 1766 1729
1811 1766 1728
1822 1766 1728
1833 1766 1727
1844 1766 1726
1855 1766 1725
1866 1766 1720
1877 1766 1718
1888 1766 1718
1900 1766 1713
1911 1766 1710
1922 1766 1710
1933 1766 1710
1944 1766 1709
1955 1766 1709
1966 1766 1709
1977 1766 1708
1988 1766 1713
2000 1766 1717
2011 1766 1720
2022 1766 1724
2033 1766 1725
2044 1766 1727
2055 1766 1727
2066 1766 1731
2077 1766 1732
2088 1766 1733
2100 1766 1733
2111 1766 1733
2122 1766 1732
2133 1766 1732
2144 1766 1732
2155 1766 1732
2166 1777 1731
2155 1777 808
2144 1777 798
2133 1777 850
2122 1777 1727
2111 1777 1725
2100 1777 1722
2088 1777 463
2077 1777 447
2066 1777 436
2055 1777 433
2044 1777 428
2033 1777 426
2022 1777 425
2011 1777 427
2000 1777 428
1988 1777 430
1977 1777 433
1966 1777 435
1955 1777 435
1944 1777 438
1933 1777 441
1922 1777 439
1911 1777 440
1900 1777 444
1888 1777 444
1877 1777 442
1866 1777 443
1855 1777 441
1844 1777 437
1833 1777 436
1822 1777 437
1811 1777 441
1800 1777 445
1788 1777 447
1777 1777 449
1766 1777 449
1755 1777 453
1744 1777 457
1733 1777 468
1722 1777 476
1711 1777 512
1700 1777 1731
1688 1777 1726
1677 1777 1728
1666 1777 1729
1655 1777 1731
1644 1777 1731
1633 1777 1732
1622 1777 1731
1611 1777 1733
1600 1777 1731
1588 1777 1730
1577 1777 1730
1566 1777 1728
1555 1777 1727
1544 1777 1725
1533 1777 1721
1522 1777 1719
1511 1777 1719
1500 1777 1710
1488 1777 1716
1477 1777 1714
1466 1777 1714
1455 1777 1714
1444 1777 1712
1433 1777 1709
1422 1777 1710
1411 1777 1705
1400 1777 1704
1388 1777 1704
1377 1777 1707
1366 1777 1707
1355 1777 1713
1344 1777 1707
1333 1777 1713
1322 1777 1718
1311 1777 1719
1300 1777 1725
1288 1777 912
1277 1777 945
1266 1777 1007
1255 1777 1038
1244 1777 950
1233 1777 916
1222 1777 909
1211 1777 923
1200 1777 905
1188 1777 922
1177 1777 927
1166 1777 930
1155 1777 920
1144 1777 928
1133 1777 926
1122 1777 923
1111 1777 918
1100 1777 919
1088 1777 919
1077 1777 920
1066 1777 923
1055 1777 925
1044 1777 931
1033 1777 941
1022 1777 944
1011 1777 944
1000 1777 944
988 1777 951
977 1777 992
966 1777 998
955 1777 999
944 1777 1029
933 1777 1372
922 1777 1265
911 1777 1242
900 1777 1226
888 1777 1169
877 1777 1152
866 1777 1146
855 1777 1133
844 1777 1130
833 1788 1126
844 1788 1115
855 1788 1110
866 1788 1107
877 1788 1105
888 1788 1128
900 1788 1148
911 1788 1212
922 1788 1308
933 1788 1331
944 1788 1183
955 1788 1109
966 1788 1057
977 1788 1074
988 1788 1284
1000 1788 1290
1011 1788 1299
1022 1788 1359
1033 1788 1366
1044 1788 1372
1055 1788 1373
1066 1788 1377
1077 1788 1384
1088 1788 1393
1100 1788 1393
1111 1788 1391
1122 1788 1389
1133 1788 1387
1144 1788 1286
1155 1788 1076
1166 1788 1299
1177 1788 1195
1188 1788 1147
1200 1788 1325
1211 1788 1224
1222 1788 1145
1233 1788 1111
1244 1788 1106
1255 1788 1110
1266 1788 1123
1277 1788 1129
1288 1788 1202
1300 1788 1303
1311 1788 1333
1322 1788 1310
1333 1788 969
1344 1788 977
1355 1788 978
1366 1788 982
1377 1788 984
1388 1788 998
1400 1788 984
1411 1788 945
1422 1788 938
1433 1788 938
1444 1788 936
1455 1788 938
1466 1788 937
1477 1788 936
1488 1788 939
1500 1788 933
1511 1788 938
1522 1788 942
1533 1788 945
1544 1788 954
1555 1788 939
1566 1788 907
1577 1788 901
1588 1788 906
1600 1788 932
1611 1788 949
1622 1788 982
1633 1788 1005
1644 1788 995
1655 1788 940
1666 1788 933
1677 1788 1671
1688 1788 1662
1700 1788 1664
1711 1788 1668
1722 1788 1665
1733 1788 1667
1744 1788 1668
1755 1788 1668
1766 1788 1666
1777 1788 1662
1788 1788 1663
1800 1788 1665
1811 1788 1664
1822 1788 1661
1833 1788 1659
1844 1788 1658
1855 1788 1655
1866 1788 1652
1877 1788 1651
1888 1788 1647
1900 1788 1649
1911 1788 1644
1922 1788 1646
1933 1788 1649
1944 1788 1652
1955 1788 1651
1966 1788 1653
1977 1788 1654
1988 1788 1656
2000 1788 1658
2011 1788 1662
2022 1788 1663
2033 1788 1662
2044 1788 1662
2055 1788 1664
2066 1788 1665
2077 1788 1662
2088 1788 1662
2100 1788 1661
2111 1788 1663
2122 1788 1661
2133 1788 1657
2144 1788 533
2155 1788 517
2166 1800 513
2155 1800 506
2144 1800 502
2133 1800 500
2122 1800 497
2111 1800 494
2100 1800 496
2088 1800 502
2077 1800 509
2066 1800 522
2055 1800 539
2044 1800 1007
2033 1800 777
2022 1800 755
2011 1800 735
2000 1800 732
1988 1800 705
1977 1800 681
1966 1800 672
1955 1800 670
1944 1800 671
1933 1800 672
1922 1800 673
1911 1800 672
1900 1800 670
1888 1800 673
1877 1800 693
1866 1800 708
1855 1800 733
1844 1800 757
1833 1800 772
1822 1800 554
1811 1800 529
1800 1800 516
1788 1800 504
1777 1800 497
1766 1800 494
1755 1800 489
1744 1800 489
1733 1800 495
1722 1800 495
1711 1800 499
1700 1800 501
1688 1800 506
1677 1800 520
1666 1800 550
1655 1800 1655
1644 1800 1654
1633 1800 1653
1622 1800 1652
1611 1800 1653
1600 1800 1653
1588 1800 1655
1577 1800 1658
1566 1800 1656
1555 1800 1656
1544 1800 1655
1533 1800 1656
1522 1800 1653
1511 1800 1651
1500 1800 1647
1488 1800 1646
1477 1800 1643
1466 1800 1644
1455 1800 1640
1444 1800 1638
1433 1800 1638
1422 1800 1635
1411 1800 1631
1400 1800 1630
1388 1800 1630
1377 1800 1632
1366 1800 1633
1355 1800 1634
1344 1800 1636
1333 1800 1638
1322 1800 1638
1311 1800 1641
1300 1800 937
1288 1800 935
1277 1800 947
1266 1800 1008
1255 1800 975
1244 1800 982
1233 1800 982
1222 1800 932
1211 1800 910
1200 1800 902
1188 1800 907
1177 1800 914
1166 1800 936
1155 1800 949
1144 1800 948
1133 1800 937
1122 1800 926
1111 1800 925
1100 1800 919
1088 1800 931
1077 1800 923
1066 1800 925
1055 1800 927
1044 1800 929
1033 1800 930
1022 1800 944
1011 1800 958
1000 1800 966
988 1800 974
977 1800 1005
966 1800 982
955 1800 995
944 1800 979
933 1800 982
922 1800 969
911 1800 981
900 1800 964
888 1800 968
877 1800 1344
866 1800 1366
855 1800 1392
844 1800 1423
833 1811 1459
844 1811 1482
855 1811 1466
866 1811 1211
877 1811 1184
888 1811 1173
900 1811 1398
911 1811 1194
922 1811 1141
933 1811 1103
944 1811 1075
955 1811 1044
966 1811 1032
977 1811 1308
988 1811 1296
1000 1811 1287
1011 1811 1261
1022 1811 1262
1033 1811 1264
1044 1811 1264
1055 1811 1267
1066 1811 1268
1077 1811 1279
1088 1811 1287
1100 1811 1290
1111 1811 1299
1122 1811 1306
1133 1811 1040
1144 1811 1030
1155 1811 1045
1166 1811 1072
1177 1811 1103
1188 1811 1143
1200 1811 1382
1211 1811 1196
1222 1811 1172
1233 1811 1185
1244 1811 1464
1255 1811 1484
1266 1811 1442
1277 1811 1405
1288 1811 947
1300 1811 954
1311 1811 960
1322 1811 972
1333 1811 970
1344 1811 981
1355 1811 973
1366 1811 980
1377 1811 968
1388 1811 954
1400 1811 973
1411 1811 961
1422 1811 940
1433 1811 929
1444 1811 929
1455 1811 923
1466 1811 920
1477 1811 920
1488 1811 919
1500 1811 913
1511 1811 912
1522 1811 928
1533 1811 932
1544 1811 915
1555 1811 915
1566 1811 923
1577 1811 920
1588 1811 933
1600 1811 959
1611 1811 941
1622 1811 954
1633 1811 967
1644 1811 1027
1655 1811 947
1666 1811 1625
1677 1811 1605
1688 1811 1606
1700 1811 1598
1711 1811 1612
1722 1811 1608
1733 1811 1606
1744 1811 1605
1755 1811 1611
1766 1811 1606
1777 1811 1607
1788 1811 1603
1800 1811 1604
1811 1811 1594
1822 1811 1599
1833 1811 1597
1844 1811 1594
1855 1811 1594
1866 1811 1594
1877 1811 1594
1888 1811 1592
1900 1811 1592
1911 1811 1596
1922 1811 1595
1933 1811 1600
1944 1811 1603
1955 1811 1601
1966 1811 1604
1977 1811 1602
1988 1811 1605
2000 1811 1606
2011 1811 1605
2022 1811 1603
2033 1811 1605
2044 1811 1604
2055 1811 1599
2066 1811 1601
2077 1811 1600
2088 1811 1602
2100 1811 1602
2111 1811 1603
2122 1811 574
2133 1811 538
2144 1811 516
2155 1811 504
2166 1822 499
2155 1822 500
2144 1822 499
2133 1822 500
2122 1822 496
2111 1822 498
2100 1822 507
2088 1822 517
2077 1822 522
2066 1822 542
2055 1822 585
2044 1822 985
2033 1822 806
2022 1822 772
2011 1822 750
2000 1822 736
1988 1822 726
1977 1822 718
1966 1822 711
1955 1822 712
1944 1822 715
1933 1822 718
1922 1822 721
1911 1822 723
1900 1822 768
1888 1822 757
1877 1822 759
1866 1822 772
1855 1822 776
1844 1822 785
1833 1822 822
1822 1822 976
1811 1822 577
1800 1822 524
1788 1822 519
1777 1822 504
1766 1822 502
1755 1822 503
1744 1822 501
1733 1822 503
1722 1822 509
1711 1822 508
1700 1822 512
1688 1822 545
1677 1822 592
1666 1822 1569
1655 1822 1573
1644 1822 1657
1633 1822 1588
1622 1822 1586
1611 1822 1586
1600 1822 1588
1588 1822 1587
1577 1822 1591
1566 1822 1587
1555 1822 1589
1544 1822 1581
1533 1822 1584
1522 1822 1585
1511 1822 1582
1500 1822 1583
1488 1822 1584
1477 1822 1580
1466 1822 1576
1455 1822 1581
1444 1822 1584
1433 1822 1581
1422 1822 1579
1411 1822 1580
1400 1822 1578
1388 1822 1571
1377 1822 1568
1366 1822 1568
1355 1822 1564
1344 1822 1562
1333 1822 1559
1322 1822 1558
1311 1822 1564
1300 1822 964
1288 1822 969
1277 1822 1027
1266 1822 1577
1255 1822 930
1244 1822 929
1233 1822 930
1222 1822 953
1211 1822 949
1200 1822 948
1188 1822 947
1177 1822 942
1166 1822 943
1155 1822 941
1144 1822 942
1133 1822 943
1122 1822 939
1111 1822 939
1100 1822 942
1088 1822 962
1077 1822 972
1066 1822 961
1055 1822 961
1044 1822 969
1033 1822 976
1022 1822 956
1011 1822 959
1000 1822 953
988 1822 968
977 1822 963
966 1822 957
955 1822 948
944 1822 956
933 1822 960
922 1822 957
911 1822 952
900 1822 956
888 1822 951
877 1822 961
866 1822 948
855 1822 942
844 1822 934
833 1833 937
844 1833 936
855 1833 945
866 1833 1279
877 1833 1245
888 1833 1209
900 1833 1185
911 1833 1155
922 1833 1128
933 1833 1105
944 1833 1086
955 1833 1068
966 1833 1050
977 1833 1037
988 1833 1091
1000 1833 1039
1011 1833 1033
1022 1833 1035
1033 1833 1035
1044 1833 1032
1055 1833 1042
1066 1833 1038
1077 1833 1047
1088 1833 1080
1100 1833 1050
1111 1833 1064
1122 1833 1120
1133 1833 1042
1144 1833 1014
1155 1833 1026
1166 1833 1043
1177 1833 1063
1188 1833 1098
1200 1833 1169
1211 1833 1162
1222 1833 1193
